structure(list(name = structure(c(611L, 340L, 168L, 167L, 241L, 
598L, 110L, 341L, 236L, 342L, 343L, 258L, 109L, 329L, 135L, 544L, 
638L, 339L, 119L, 56L, 148L, 397L, 653L, 541L, 97L, 404L, 50L, 
558L, 467L, 550L, 40L, 217L, 372L, 82L, 252L, 14L, 659L, 535L, 
313L, 314L, 24L, 234L, 554L, 219L, 264L, 480L, 279L, 124L, 337L, 
509L, 121L, 121L, 121L, 121L, 121L, 121L, 121L, 121L, 483L, 442L, 
64L, 512L, 39L, 161L, 594L, 573L, 470L, 466L, 516L, 588L, 649L, 
305L, 358L, 129L, 546L, 299L, 164L, 457L, 308L, 165L, 19L, 597L, 
595L, 501L, 563L, 569L, 202L, 502L, 570L, 419L, 431L, 263L, 572L, 
438L, 261L, 463L, 632L, 606L, 418L, 394L, 95L, 209L, 348L, 137L, 
318L, 585L, 62L, 639L, 656L, 390L, 286L, 603L, 492L, 208L, 147L, 
204L, 650L, 296L, 617L, 617L, 617L, 617L, 462L, 462L, 462L, 462L, 
462L, 462L, 462L, 121L, 121L, 121L, 121L, 121L, 121L, 121L, 264L, 
560L, 11L, 15L, 627L, 521L, 9L, 58L, 507L, 185L, 365L, 83L, 540L, 
68L, 408L, 330L, 4L, 81L, 599L, 304L, 225L, 631L, 248L, 352L, 
385L, 26L, 243L, 128L, 579L, 377L, 665L, 93L, 88L, 190L, 412L, 
652L, 338L, 251L, 71L, 67L, 53L, 548L, 576L, 360L, 402L, 7L, 
636L, 25L, 567L, 186L, 99L, 620L, 624L, 373L, 227L, 370L, 1L, 
623L, 531L, 100L, 545L, 65L, 136L, 257L, 586L, 288L, 568L, 42L, 
57L, 647L, 246L, 254L, 658L, 195L, 60L, 240L, 429L, 400L, 345L, 
401L, 142L, 207L, 629L, 22L, 229L, 640L, 187L, 532L, 184L, 605L, 
421L, 61L, 615L, 54L, 105L, 392L, 47L, 648L, 221L, 581L, 114L, 
132L, 471L, 628L, 522L, 381L, 55L, 452L, 651L, 228L, 327L, 575L, 
27L, 321L, 131L, 530L, 613L, 235L, 87L, 561L, 107L, 197L, 657L, 
275L, 610L, 552L, 455L, 43L, 356L, 198L, 139L, 642L, 391L, 559L, 
524L, 156L, 346L, 416L, 237L, 395L, 662L, 212L, 32L, 309L, 230L, 
163L, 610L, 33L, 211L, 259L, 162L, 425L, 450L, 326L, 574L, 506L, 
593L, 332L, 361L, 102L, 445L, 13L, 267L, 85L, 73L, 477L, 461L, 
3L, 2L, 494L, 495L, 151L, 518L, 362L, 295L, 30L, 571L, 590L, 
515L, 312L, 533L, 436L, 256L, 146L, 143L, 379L, 517L, 300L, 145L, 
260L, 122L, 274L, 94L, 578L, 468L, 646L, 277L, 174L, 519L, 51L, 
10L, 120L, 490L, 179L, 177L, 644L, 216L, 367L, 176L, 125L, 245L, 
268L, 475L, 432L, 520L, 115L, 59L, 583L, 364L, 368L, 619L, 90L, 
224L, 486L, 199L, 41L, 382L, 21L, 539L, 630L, 427L, 141L, 293L, 
35L, 278L, 562L, 213L, 614L, 366L, 78L, 376L, 247L, 284L, 422L, 
244L, 218L, 130L, 399L, 79L, 384L, 210L, 270L, 31L, 238L, 591L, 
389L, 664L, 499L, 607L, 226L, 158L, 469L, 89L, 325L, 324L, 242L, 
182L, 459L, 117L, 116L, 478L, 113L, 265L, 596L, 331L, 386L, 424L, 
508L, 272L, 547L, 319L, 587L, 29L, 175L, 46L, 333L, 255L, 172L, 
173L, 215L, 462L, 121L, 317L, 200L, 526L, 423L, 354L, 655L, 281L, 
86L, 336L, 34L, 239L, 602L, 181L, 335L, 446L, 661L, 121L, 482L, 
323L, 654L, 106L, 52L, 140L, 282L, 510L, 6L, 290L, 74L, 203L, 
223L, 635L, 439L, 505L, 283L, 193L, 77L, 498L, 316L, 622L, 637L, 
262L, 301L, 556L, 37L, 36L, 616L, 555L, 474L, 266L, 96L, 393L, 
456L, 608L, 5L, 23L, 609L, 44L, 428L, 464L, 621L, 5L, 171L, 349L, 
663L, 353L, 170L, 435L, 49L, 191L, 454L, 220L, 387L, 144L, 407L, 
63L, 378L, 430L, 476L, 513L, 178L, 347L, 529L, 303L, 169L, 214L, 
350L, 194L, 101L, 396L, 154L, 577L, 374L, 479L, 8L, 375L, 231L, 
69L, 149L, 660L, 523L, 297L, 565L, 449L, 48L, 344L, 485L, 549L, 
311L, 84L, 157L, 415L, 28L, 12L, 126L, 443L, 118L, 437L, 16L, 
625L, 434L, 426L, 497L, 580L, 138L, 612L, 72L, 420L, 489L, 127L, 
511L, 206L, 75L, 153L, 634L, 444L, 417L, 413L, 80L, 491L, 334L, 
18L, 441L, 166L, 433L, 98L, 617L, 566L, 20L, 76L, 289L, 537L, 
484L, 487L, 152L, 504L, 306L, 183L, 493L, 543L, 111L, 617L, 298L, 
108L, 557L, 564L, 645L, 405L, 192L, 189L, 355L, 121L, 287L, 488L, 
398L, 440L, 414L, 553L, 180L, 66L, 458L, 666L, 473L, 320L, 618L, 
291L, 538L, 551L, 584L, 232L, 134L, 310L, 472L, 160L, 294L, 280L, 
500L, 45L, 503L, 351L, 409L, 388L, 328L, 253L, 481L, 17L, 601L, 
534L, 276L, 273L, 112L, 150L, 70L, 380L, 133L, 600L, 38L, 363L, 
403L, 188L, 536L, 514L, 643L, 92L, 322L, 292L, 250L, 582L, 269L, 
528L, 383L, 411L, 357L, 302L, 448L, 91L, 451L, 249L, 285L, 155L, 
525L, 201L, 104L, 542L, 222L, 604L, 307L, 159L, 633L, 103L, 447L, 
527L, 315L, 369L, 371L, 496L, 589L, 196L, 359L, 233L, 205L, 123L, 
271L, 465L, 641L, 410L, 460L, 592L, 626L, 453L, 406L),