structure(list(name = structure(c(206L, 222L, 160L, 198L, 178L, 
5L, 187L, 216L, 171L, 181L, 165L, 167L, 180L, 204L, 192L, 239L, 
39L, 242L, 207L, 42L, 214L, 215L, 11L, 13L, 184L, 158L, 157L, 
177L, 203L, 209L, 156L, 36L, 30L, 170L, 45L, 200L, 212L, 228L, 
229L, 201L, 196L, 164L, 238L, 176L, 31L, 226L, 236L, 179L, 185L, 
21L, 1L, 195L, 195L, 199L, 220L, 237L, 237L, 197L, 197L, 197L, 
197L, 197L, 233L, 2L, 173L, 172L, 12L, 245L, 223L, 218L, 25L, 
244L, 166L, 208L, 22L, 169L, 142L, 143L, 144L, 145L, 146L, 147L, 
148L, 149L, 150L, 151L, 152L, 153L, 154L, 155L, 188L, 49L, 50L, 
51L, 52L, 53L, 54L, 55L, 56L, 57L, 58L, 59L, 60L, 61L, 62L, 63L, 
64L, 65L, 66L, 67L, 68L, 69L, 70L, 71L, 72L, 73L, 74L, 75L, 76L, 
77L, 78L, 79L, 80L, 81L, 82L, 83L, 84L, 85L, 86L, 87L, 88L, 90L, 
95L, 96L, 89L, 91L, 93L, 99L, 100L, 101L, 102L, 103L, 105L, 92L, 
94L, 97L, 98L, 104L, 106L, 107L, 108L, 109L, 110L, 111L, 112L, 
113L, 114L, 115L, 116L, 117L, 118L, 119L, 120L, 121L, 44L, 125L, 
126L, 127L, 130L, 122L, 123L, 124L, 128L, 129L, 131L, 132L, 133L, 
134L, 136L, 141L, 135L, 139L, 140L, 137L, 138L, 158L, 24L, 182L, 
15L, 41L, 47L, 8L, 4L, 234L, 225L, 18L, 43L, 27L, 227L, 29L, 
23L, 243L, 240L, 213L, 20L, 186L, 48L, 3L, 194L, 246L, 168L, 
7L, 205L, 221L, 28L, 19L, 16L, 217L, 14L, 10L, 35L, 34L, 17L, 
232L, 26L, 33L, 174L, 6L, 162L, 32L, 193L, 241L, 40L, 230L, 231L, 
219L, 37L, 183L, 38L, 224L, 163L, 202L, 159L, 235L, 9L, 189L, 
211L, 175L, 161L, 210L, 46L, 190L, 191L), .Label = c("Ahuriri Catchment", 
"Ahuriri @ Sth Diadem", "Albert Burn", "Albert Burn At Dragonfly", 
"Alexandra", "Alexandra Aws", "Alexandra Cws", "Arrowtown No2", 
"Athol At Eyre Street", "Balfour At Glenure St Patricks Road", 
"Bannockburn", "Barnhill Raws", "Ben Callum", "Birchwood Wxt Aws", 
"Bogburn @ Winton", "Butchers Dam Raws", "Castle Mount Ews", 
"Central Plains Aquifer At Heddon Bush", "Central Plains Aquifer At Looney Road", 
"Chatton Aquifer At Cunningham Road", "Cleddau", "Clyde 2 Ews", 
"Cromwell Ews", "Dart At Paradise", "Dart At The Hillocks", "Dipton @ English Road", 
"Dumpling Hut Snow", "Eglinton, Knobs Flat Cws", "Etavale @ Wreys Bush - Mossburn Road", 
"Ettrick No.2", "Eyre Creek At Shepherd Creek Hut", "Eyre Forest At Acton Valley Road", 
"Ferndale At Waddle Road", "Five River Aquifer At Mossburn Five Riv", 
"Five River Aquifer At Mossburn Five Rivers", "Five Rivers At Five Rivers Station", 
"Five Rivers Cws", "Five Rivers Lysimeter", "Garston", "Garston At Nevis Road", 
"Garston Raws", "Glenfinnan", "Glenlapa @ Roundhill", "Gore 2", 
"Gore Aws", "Gore Ews", "Gore @ Main St", "Gorge Creek", "Grow001,Wills(Chatto)", 
"Grow002,Paterson,M(Offal Pit)", "Grow003,Jopp", "Grow004,Stephens", 
"Grow005,Morgan", "Grow006,Glassford", "Grow007,Thurlow", "Grow008,Tucker", 
"Grow009,Manning", "Grow010,Paterson,M(Leaning Rock)", "Grow014,Wilson", 
"Grow015,Armstrong", "Grow016,Flannery", "Grow017,Paterson,J", 
"Grow018,Flannery/Mcgregor", "Grow019,Small", "Grow021,Enright", 
"Grow022,Waldron", "Grow023,Collier", "Grow039,Becker(Auripo)", 
"Grow040,Becker(Boundary)", "Grow041,Mcknight(Goldworkings)", 
"Grow046,Hore(Turkey Track)", "Grow047,Hore(Airstrip)", "Grow048,Tucker(Sunny)", 
"Grow049,Tucker(Shady)", "Grow050,Hamilton(Lily Bank)", "Grow051,Paterson,M(Bald Hill)", 
"Grow052,Paterson,M(Halfway)", "Grow053,Badman", "Grow054,Small", 
"Grow055,Commercial Hotel", "Grow056,Preston", "Grow063,Nichol", 
"Grow064,Mcneish", "Grow065,Watson", "Grow066,Miller", "Grow067,Eckhoff", 
"Grow068,Gunn", "Grow069,Dillon", "Grow070,Garden", "Grow071,Pannett", 
"Grow072,Aitchison", "Grow073,Stevensont", "Grow074,Perkins", 
"Grow075,Bain", "Grow076,Macnicol", "Grow077,Wright", "Grow078,Hill", 
"Grow079,Airstrip", "Grow093,Calder", "Grow094,Turner", "Grow095,Pierce", 
"Grow096,Reichel", "Grow097,Norman", "Grow098,Gordon", "Grow099,Aitchison", 
"Grow100,Pannett(Flat)", "Grow101,Watson", "Grow103,Pannett(High)", 
"Grow104,Macdougall", "Grow105,Kerr", "Grow106,Kain", "Grow107,Haughton", 
"Grow108,Gunn.A", "Grow109,Hill", "Grow111,Gunn.N", "Grow112,Bain", 
"Grow113,Barclay", "Grow114,Michelle", "Grow115,Jeffery", "Grow137,Watson", 
"Grow139,Parker", "Grow176,Ottrey", "Grow177,Richardson", "Grow181,Hook", 
"Grow182,Young", "Grow183,Macmillan", "Grow184,Kane", "Grow185,Allison", 
"Grow186,Burdon", "Grow187,Perriam", "Grow188,Jollyp(Kotiti)", 
"Grow189,Davis", "Grow190,Nevis", "Grow191,Mathewson", "Grow192,Burdon", 
"Grow193,Scurr", "Grow194,Pinckney", "Grow195,Perriam", "Grow196,Dagg", 
"Grow197,Jardine", "Grow198,Mcrae", "Grow801,Huff", "Grow802,Huff02", 
"Grow803,Huff03", "Grow804,Huff04", "Grow805,Huff05", "Grow806,Huff06", 
"Grow807,Huff07", "Grow808,Huff08", "Grow809,Huff09", "Grow810,Huff10", 
"Grow811,Huff11", "Grow812,Huff12", "Grow813,Huff13", "Grow814,Huff14", 
"Haast, Cron Creek", "Hamilton Burn At Mt Hamilton Road", "Hamilton Burn @ Mt Hamilton Road", 
"Harris Saddle", "Hawea Flat", "Hawera Flats Raws", "Heriot Burn At Blue Mountains", 
"Hokonui Forest At Halford Road", "Hokonui Hills At Lora Station", 
"Hunter Valley 2", "Jackson Bay Sea Level", "Kaweku", "Lake Hawea Ews", 
"Lauder 2", "Lauder Ews", "Lauder Flat", "Lauder, Optics Building", 
"Lauder Optics Uv", "Lauder Optics Uv 2", "Lauder Raine Ews", 
"Lauder Station", "Lumsden Aws", "Makarora Station", "Manapouri Aero Aws", 
"Mandeville", "Matakanui", "Matukituki At Cascade Hut", "Matukituki At Raspberry Flat", 
"Mckellars Flat At Gorge Burn", "Merino Ridges", "Mid Dome Aws", 
"Milford Sound", "Milford Sound Aws", "Milford Sound Ews", "Milford Sound Raws", 
"Millers Flat Raws", "Minaret Bay", "Mt Larkins Ews", "Murchison Mtns Ews", 
"Nevis Valley", "Ohai At Wether Hill Station", "Old Man Range", 
"Ophir 2", "Opio", "Oreti At Three Kings", "Oreti River At Lumsden Cableway", 
"Otama Raws", "Piano Flat", "Plains Station", "Poolburn At Merino Ridges", 
"Queenstown", "Queenstown Aero", "Queenstown Aero Amdr", "Queenstown Aero Aws", 
"Queenstown Aero Raws", "Queenstown Ews", "Rees Valley Station", 
"Riversdale Aquifer At Liverpool Street", "Rosebank", "Routeburn Stn", 
"Roxburgh,Hilltop", "Roxburgh Wxt Aws", "Shotover At Peats", 
"Southland, Tanner Road Raws", "Stevens Reserve", "Takahe Valley Cws", 
"Tapanui", "Tapanui Raws", "Te Anau At Park Hq Cws", "Te Anau @ Whitestone Aquifer", 
"Tima", "Upper Waikaia @ Hyde Rock", "Waikaka", "Waimea Stream At Mandeville", 
"Waipounamu Cws", "Waipounamu Lysimeter", "Wairio At Otautau Nightcaps Road", 
"Wanaka Aero Aws", "Wanaka Airport", "Wanaka Cws", "Wanaka, Park Hq", 
"Warwick Downs Stn", "Wendon Valley At Waikaka", "West Wanaka Station", 
"Whitestone Aquifer At Lynwood", "Wilderness Raws", "Winton 2", 
"Winton Aq", "Winton Stream At Winton Dam", "Wreys Bush Raws", 
"Young North Branch @ Dam"), class = "factor"),