structure(list(name = structure(c(453L, 256L, 161L, 129L, 128L, 
184L, 445L, 79L, 257L, 180L, 258L, 259L, 192L, 78L, 249L, 101L, 
413L, 473L, 255L, 88L, 41L, 112L, 19L, 292L, 410L, 70L, 296L, 
35L, 425L, 350L, 418L, 26L, 167L, 279L, 58L, 188L, 5L, 485L, 
404L, 234L, 314L, 235L, 12L, 273L, 230L, 179L, 421L, 168L, 195L, 
363L, 205L, 93L, 254L, 383L, 90L, 90L, 90L, 90L, 90L, 90L, 90L, 
90L, 366L, 330L, 45L, 25L, 125L, 353L, 349L, 389L, 269L, 98L, 
415L, 221L, 229L, 126L, 428L, 155L, 337L, 326L, 346L, 467L, 450L, 
68L, 159L, 103L, 239L, 474L, 484L, 289L, 456L, 456L, 456L, 456L, 
345L, 345L, 345L, 345L, 345L, 345L, 345L, 90L, 90L, 90L, 90L, 
90L, 90L, 90L, 195L, 426L, 394L, 409L, 47L, 300L, 57L, 226L, 
466L, 185L, 14L, 271L, 261L, 115L, 97L, 435L, 487L, 490L, 66L, 
61L, 147L, 304L, 38L, 246L, 471L, 13L, 459L, 414L, 308L, 162L, 
181L, 291L, 102L, 440L, 28L, 42L, 479L, 318L, 107L, 175L, 120L, 
144L, 449L, 39L, 75L, 32L, 480L, 170L, 83L, 354L, 464L, 395L, 
283L, 40L, 339L, 481L, 174L, 247L, 360L, 391L, 218L, 17L, 432L, 
442L, 388L, 233L, 402L, 324L, 191L, 111L, 108L, 281L, 390L, 222L, 
110L, 193L, 91L, 201L, 67L, 434L, 351L, 478L, 203L, 135L, 392L, 
36L, 89L, 372L, 140L, 138L, 166L, 275L, 137L, 94L, 358L, 320L, 
393L, 84L, 43L, 438L, 276L, 458L, 63L, 173L, 152L, 27L, 284L, 
10L, 408L, 465L, 316L, 106L, 216L, 21L, 204L, 427L, 163L, 455L, 
274L, 54L, 210L, 311L, 294L, 55L, 160L, 18L, 182L, 443L, 288L, 
489L, 378L, 451L, 122L, 352L, 62L, 245L, 244L, 142L, 343L, 86L, 
85L, 361L, 82L, 313L, 199L, 416L, 240L, 16L, 136L, 31L, 250L, 
190L, 133L, 134L, 165L, 345L, 90L, 238L, 153L, 398L, 312L, 266L, 
483L, 207L, 60L, 253L, 20L, 183L, 252L, 333L, 90L, 365L, 243L, 
482L, 76L, 37L, 105L, 208L, 384L, 2L, 156L, 172L, 470L, 327L, 
382L, 209L, 150L, 53L, 377L, 237L, 461L, 472L, 194L, 223L, 423L, 
23L, 22L, 422L, 357L, 196L, 69L, 290L, 452L, 1L, 11L, 29L, 317L, 
347L, 460L, 1L, 132L, 263L, 488L, 131L, 323L, 34L, 148L, 341L, 
169L, 286L, 109L, 299L, 44L, 319L, 359L, 386L, 139L, 262L, 401L, 
225L, 130L, 164L, 264L, 72L, 118L, 433L, 362L, 3L, 280L, 176L, 
48L, 113L, 486L, 396L, 219L, 430L, 336L, 33L, 260L, 368L, 417L, 
232L, 59L, 121L, 307L, 15L, 4L, 95L, 331L, 87L, 325L, 6L, 462L, 
322L, 315L, 376L, 436L, 104L, 454L, 50L, 310L, 371L, 96L, 385L, 
158L, 51L, 117L, 469L, 332L, 309L, 305L, 56L, 373L, 251L, 8L, 
329L, 127L, 321L, 71L, 456L, 431L, 9L, 52L, 213L, 406L, 367L, 
369L, 116L, 381L, 227L, 143L, 374L, 412L, 80L, 456L, 220L, 77L, 
424L, 429L, 477L, 297L, 149L, 146L, 267L, 90L, 212L, 370L, 293L, 
328L, 306L, 420L, 141L, 46L, 342L, 491L, 356L, 241L, 457L, 214L, 
407L, 419L, 439L, 177L, 100L, 231L, 355L, 124L, 217L, 206L, 379L, 
30L, 380L, 265L, 301L, 287L, 248L, 189L, 364L, 7L, 447L, 403L, 
202L, 200L, 81L, 114L, 49L, 282L, 99L, 446L, 24L, 272L, 295L, 
145L, 405L, 387L, 476L, 65L, 242L, 215L, 187L, 437L, 197L, 400L, 
285L, 303L, 268L, 224L, 335L, 64L, 338L, 186L, 211L, 119L, 397L, 
154L, 74L, 411L, 171L, 448L, 228L, 123L, 468L, 73L, 334L, 399L, 
236L, 277L, 278L, 375L, 441L, 151L, 270L, 178L, 157L, 92L, 198L, 
348L, 475L, 302L, 344L, 444L, 463L, 340L, 298L), .Label = c("Adams", 
"Ahuroa", "Albany,Nzms", "Alistairs", "Anawhata Road Junc", "Apple Cross Waipu", 
"Arapaoa, Hukatere", "Ararimu", "Arar,Omahunui Farms", "Ardmore Aero", 
"Army Bay", "Auckland Aero", "Auckland Aero Amdr", "Auckland Aero Aws", 
"Auckland,Airedale St", "Auckland Airport No 2", "Auckland, Albany", 
"Auckland, Albert Park", "Auckland, Ardmore", "Auckland City", 
"Auckland City Edr", "Auckland,Dairy Flat", "Auckland, Henderson", 
"Auckland, Henderson 2", "Auckland, Henderson North", "Auckland,Kohukohunui", 
"Auckland, Mangere", "Auckland, Mangere Ews", "Auckland, Mt Victoria", 
"Auckland,Mt Wgtn", "Auckland Naut School", "Auckland, North Shore Albany Ews", 
"Auckland,Oratia", "Auckland,Otara", "Auckland,Owairaka", "Auckland,Pakuranga", 
"Auckland, Rakino Is", "Auckland, Sky Tower", "Auckland Uv", 
"Auckland Uv 2", "Auckland, Whenuapai Aero", "Auckland, Whenuapai Aws", 
"Awana Weir", "B3", "Baldhill", "Bayers", "Bean Rock", "Beasley", 
"Big Bay", "Blockhouse Bay", "Boyds", "Buchanans Mangatarata", 
"Buckletons Bay", "Buckletons Bay 2", "Cape Colville Aws", "Carters", 
"Channel Island", "Chiltern", "Cicada", "Clarks South Road", 
"Clevedon Coast Raws", "Clevedon, Pakihi", "Cockle Bay, Howick", 
"Colville", "Cornwallis", "Cornwallis Depot Raws", "Coromandel", 
"Coromandel, Coroglen", "Coromandel P.O.", "Cosseys No 1", "Cottons Road", 
"Cuvier Island", "Dar Es Salaam", "Devonport", "Devonport Naval Base Sea Level", 
"Drury", "Duttons", "East St Paul", "Elstow", "Engineers", "Epsom", 
"Farams", "Firth Of Thames Ews", "Frankton West", "Frazer Beach", 
"Frazer House", "Frost", "Gibbons", "Gillespie Road", "Glenbrook", 
"Glen Massey", "Glen Murray", "Godwit", "Golden Cross", "Gorse", 
"Great Barrier Id", "Great Barrier Island Raws", "Great Barrier Rnzn", 
"Hamilton", "Hamilton 2", "Hamilton Aero", "Hamilton Aero Amdr", 
"Hamilton Aws", "Hamilton,Hillcrest", "Hamilton,River Rd", "Hamilton, Ruakura", 
"Hamilton, Ruakura 2 Ews", "Hamilton, Ruakura Ews", "Hamilton, St Andrews", 
"Hamilton Water Plant", "Hamilton Water Treat", "Hauler", "Hawthorne Hedge", 
"Helensville", "Henderson, Auckland Regional Council", "H Harry", 
"Hobsonville", "Hoe-O-Tainui", "Hoe Tanui", "Holland Road, Hamilton Cws", 
"Honjow", "Horokaka", "Horseshoe Bush", "Horsham Downs", "Horsham Downs 2", 
"Hot Springs Miranda", "Huia Dam", "Huia Middle", "Huia Upper", 
"Huntly", "Huntly N.Z.E.D.", "Huntly West Tower", "Huntly West Tower 30m", 
"Huntly West Tower 70m", "Hunua, Cowan Road", "Hunua Edl", "Hunua Middle Experiment", 
"Hunua North Experimental", "Hunua Nursery", "Hunua South Experimental", 
"Hutchinson Avenue", "Jones", "Judkins", "Kaawa @ Wairamarama", 
"Kaipara Heads", "Kaipara,Jordans Farm", "Kaipara Raws", "Kaipara, S Head", 
"Kaipara,S Head N.Z.F.S.", "Kaipara, South Head", "Karaka", "Karaka Point", 
"Karamatura", "Karamu,Gores Farm", "Karangahake Gorge", "Kauaeranga Forest", 
"Kaukapakapa", "Kawau Island", "Kennedy Bay", "Kereone", "Kerepehi", 
"Khyber Pass, Auckland Regional Council", "Kingseat", "Kintyre", 
"Kiwitahi 1", "Kiwitahi Station", "Konini", "Kopu-Hikuai Road", 
"Kopuku", "Korotiti Bay, Great Barrier Is Gns_Linz Sea-Level", 
"Kuaotunu", "Kumeu", "Kumeu 2", "Kumeu Cws", "Kumeu Ews, Auckland Regional Council", 
"Laingholm", "Lake Pupuke", "Leigh 1", "Leigh 2 Ews", "Lilburnes", 
"Lincoln Rd, Auckland Regional Council", "Little Barrier Is", 
"Little Barrier Summit", "Lower Huia", "Mahurangi Forest Raws", 
"Mahurangi Heads", "Maioro Coast", "Mairetahi", "Makarau", "Mako Point", 
"Mangaiti,Ten Oaks", "Manganese Mine", "Mangapai", "Mangatangi Weir", 
"Mangatawhiri", "Mangawhai", "Mangere", "Mangere School", "Manly", 
"Manukau Heads 1", "Manukau Heads 2", "Manuwera", "Maramarua", 
"Maramarua Forest", "Mareretu", "Marsden Point", "Marsden Point Wind", 
"Marsden Power Stn", "Marsden Pt Anem", "Matahuru Gorge", "Matakohe", 
"Matey", "Mauku", "Maungakaramea", "Maungaturoto", "Maungaturoto,Melford", 
"Mechanics Bay", "Melness", "Mercer", "Meremere", "Mikells", 
"Miranda Waitakaruru", "Missionbush Glenbrook", "Mititai", "Mokohinau", 
"Mokohinau Aws", "Morrinsville", "Morrinsville Dairy F", "Morrinsville, George St", 
"Morrinsville Library", "Motuihi Id", "Motumaoho", "Motutapu Island", 
"Moumoukai Farm", "Moumoukai Office", "Mount Eden", "Mowats Maramarua 2", 
"Mt Eden,Fenton St", "Mt Tamahunga", "Mt Te Aroha Tv Stn", "Mullet Creek", 
"Muriwai Beach", "Muriwai Wind", "Musick Point", "Musick Point Wind", 
"Musick Pt Ews, Auckland Regional Council", "Mystery Creek Cws", 
"Nagle Cove", "Ngahinapouri", "Ngaruawahia", "Ngatea 1", "Ngatea 2", 
"Ngatea 3", "Nicholas Lane", "Nihotupu Aux", "Nihotupu Gate", 
"Nihotupu House", "Nihotupu Lower", "Nihotupu Middle", "Nirvana", 
"North Shore, Auckland Regional Council", "Nursery", "Ohinewai", 
"Ohote", "Okahu", "Okura Point", "Olivers", "Omaha Flats", "Omaha Golf Course", 
